source_surf = .false. 
xs = -0.04751 
zs = -0.00082 
source_type = 1 
time_function_type = 1 
name_of_source_file          =  /home/jiazeh/specfem2d/DATA/ 
burst_band_width = 200.415 
f0 = 3500000.000 
tshift = 0 
anglesource = 0.00 
Mxx = 1.000000 
Mzz = 1.000000 
Mxz = 0.000000 
factor = 1000.000 
