source_surf = .false. 
xs = 0.00079 
zs = -0.01498 
source_type = 1 
time_function_type = 1 
name_of_source_file          =  /home/jiazeh/specfem2d/DATA/stf_ricker_delayed 
burst_band_width = 200.415 
f0 = 500000.000 
tshift = 0 
anglesource = 0.00 
Mxx = 1.000000 
Mzz = 1.000000 
Mxz = 0.000000 
factor = 1000.000 
